0 3 1 0 
0.0579087 3.0368 1.05197 0.0311106 
0.115817 3.0736 1.10394 0.0622212 
0.173726 3.11041 1.15592 0.0933318 
0.231635 3.14721 1.20789 0.124442 
0.289543 3.18401 1.25986 0.155553 
0.347452 3.22081 1.31183 0.186664 
0.405361 3.25762 1.3638 0.217774 
0.463269 3.29442 1.41578 0.248885 
0.521178 3.33122 1.46775 0.279995 
0.579087 3.36802 1.51972 0.311106 
0.636996 3.40483 1.57169 0.342216 
0.694904 3.44163 1.62367 0.373327 
0.752813 3.47843 1.67564 0.404438 
0.810722 3.51523 1.72761 0.435548 
0.86863 3.55204 1.77958 0.466659 
0.926539 3.58884 1.83155 0.497769 
0.984448 3.62564 1.88353 0.52888 
1.04236 3.66244 1.9355 0.559991 
1.10027 3.69925 1.98747 0.591101 
1.15817 3.73605 2.03944 0.622212 
1.21608 3.77285 2.09141 0.653322 
1.27399 3.80965 2.14339 0.684433 
1.28249 3.90408 2.15094 0.704916 
1.29099 3.9985 2.15849 0.7254 
1.29949 4.09292 2.16605 0.745883 
1.29873 4.16153 2.1298 0.742203 
1.29797 4.23014 2.09355 0.738523 
1.29721 4.29874 2.0573 0.734842 
1.23544 4.33214 2.00695 0.69985 
1.17366 4.36553 1.95661 0.664857 
1.11189 4.39892 1.90626 0.629865 
1.05012 4.43232 1.85591 0.594872 
0.988348 4.46571 1.80556 0.55988 
0.926576 4.4991 1.75522 0.524887 
0.864805 4.5325 1.70487 0.489895 
0.803033 4.56589 1.65452 0.454902 
0.741261 4.59928 1.60417 0.41991 
0.679489 4.63268 1.55382 0.384917 
0.617718 4.66607 1.50348 0.349925 
0.555946 4.69946 1.45313 0.314932 
0.494174 4.73285 1.40278 0.27994 
0.432402 4.76625 1.35243 0.244947 
0.370631 4.79964 1.30209 0.209955 
0.308859 4.83303 1.25174 0.174962 
0.247087 4.86643 1.20139 0.13997 
0.185315 4.89982 1.15104 0.104977 
0.123544 4.93321 1.1007 0.069985 
0.0617718 4.96661 1.05035 0.0349925 
0 5 1 0 

